4294967278,129
4294967278,126
4294967278,125
4294967278,123
4294967278,118
4294967278,116
4294967278,115
4294967278,95
4294967278,94
4294967278,83
4294967278,264
4294967278,5
4294967279,70
4294967279,41
4294967279,39
4294967279,18
4294967279,279
4294967279,11
4294967279,282
4294967279,8
4294967279,7
4294967279,5
4294967278,93
4294967278,322
4294967278,92
4294967279,318
4294967278,321
4294967278,80
4294967294,114
4294967278,319
4294967279,570
4294967278,200
4294967279,201
4294967278,199
123,4
4294967278,196
4294967278,193
170,5
170,4
4294967279,196
170,3
170,2
170,1
4294967279,195
4294967279,345
4294967279,535
4294967278,78
4294967278,368
4294967279,283
4294967278,189
4294967279,190
4294967278,391
4294967279,254
4294967279,188
20,4
4294967279,187
4294967278,185
4294967278,182
4294967279,186
169,5
4294967278,184
169,4
4294967279,185
169,3
169,2
169,1
4294967278,70
4294967279,184
4294967278,390
4294967278,178
4294967279,179
4294967278,177
4294967279,178
4294967278,176
4294967279,177
13,4
21,4
168,5
4294967278,172
168,4
4294967279,173
168,3
168,2
168,1
4294967279,344
4294967278,364
4294967279,568
4294967294,120
4294967278,387
4294967279,531
4294967279,166
4294967294,470
4294967278,301
4294967279,48
4294967294,69
4294967279,343
4294967294,409
4294967294,397
4294967294,396
4294967294,414
4294967294,179
4294967294,403
4294967294,384
4294967294,168
4294967294,406
4294967294,109
4294967294,111
4294967294,468
4294967294,1
4294967294,460
4294967294,401
4294967279,529
4294967278,393
4294967278,350
4294967278,0
4294967294,31
4294967294,185
4294967294,176
4294967294,170
4294967294,387
4294967294,12
4294967294,10
4294967294,402
4294967294,190
4294967294,162
4294967294,161
4294967294,199
4294967294,194
4294967294,193
4294967294,1015
4294967294,1013
4294967294,1012
4294967294,1011
4294967294,1010
4294967294,1009
4294967294,1008
4294967294,1004
4294967294,68
4294967279,46
4294967279,45
4294967294,166
4294967278,408
4294967279,525
4294967279,150
4294967279,152
4294967278,150
4294967279,547
4294967294,392
4294967294,390
4294967294,115
4294967294,474
4294967294,206
4294967278,385
4294967278,146
4294967278,339
4294967278,337
4294967278,293
4294967279,143
4294967278,142
4294967294,200
4294967294,163
4294967294,421
4294967294,173
4294967294,182
4294967279,142
4294967279,291
4294967278,141
4294967278,291
4294967279,141
4294967278,140
4294967278,139
4294967279,139
4294967278,136
4294967278,138
4294967279,273
4294967278,279
4294967278,359
4294967279,288
4294967294,2
4294967294,388
4294967294,46
4294967278,285
4294967279,538
4294967279,0
4294967278,273
4294967279,268
4294967294,439
4294967294,1001
4294967294,1003
4294967294,186
4294967294,0
4294967294,428
4294967294,424
4294967294,471
4294967294,17
4294967294,99
4294967294,76
4294967278,406
4294967294,5
4294967294,107
4294967294,81
4294967294,50
4294967294,89
4294967279,263
4294967294,22
4294967294,67
4294967278,282
4294967279,261
4294967294,38
4294967294,37
4294967294,393
4294967294,45
4294967294,1414
4294967294,44
4294967294,53
4294967294,52
4294967294,51
4294967294,151
4294967294,128
4294967294,152
4294967294,29
4294967294,418
4294967294,28
4294967294,1016
4294967294,27
4294967294,153
4294967294,26
4294967294,92
4294967294,91
4294967294,90
4294967294,88
4294967294,87
4294967294,86
4294967294,85
4294967294,84
4294967294,41
4294967294,40
4294967294,36
4294967294,39
4294967294,1415
4294967294,43
4294967294,416
4294967294,395
4294967294,24
4294967294,472
4294967294,25
4294967294,203
4294967294,82
0,5
4294967278,287
4294967278,263
4294967294,1413
4294967294,83
4294967294,7
4294967294,6
4294967294,94
4294967294,93
4294967294,96
4294967294,95
4294967294,42
4294967293,131
4294967293,130
4294967293,129
4294967293,128
4294967293,127
4294967293,126
4294967293,125
4294967293,124
4294967293,123
4294967293,122
4294967293,121
4294967293,120
4294967293,119
4294967293,118
4294967293,117
4294967293,116
4294967293,115
4294967293,114
4294967293,113
4294967293,112
4294967293,111
4294967293,110
4294967293,109
4294967293,108
4294967293,107
4294967293,106
4294967293,105
4294967293,104
4294967293,103
4294967293,102
4294967293,101
4294967293,100
4294967293,99
4294967293,98
4294967293,97
4294967293,96
4294967293,95
4294967293,94
4294967293,93
4294967293,92
4294967293,91
4294967293,90
4294967293,89
4294967293,87
4294967293,86
4294967293,85
4294967293,84
4294967293,83
4294967293,82
4294967293,81
4294967293,80
4294967293,79
4294967293,78
4294967293,77
4294967293,76
4294967293,75
4294967293,74
4294967293,73
4294967293,72
4294967293,71
4294967293,70
4294967293,69
4294967293,68
4294967293,67
4294967293,66
4294967293,65
4294967293,64
4294967293,63
4294967293,62
4294967293,61
4294967293,60
4294967293,59
4294967293,58
4294967293,57
4294967293,56
4294967293,55
0,7
4294967293,54
4294967293,53
4294967293,52
4294967293,51
4294967293,50
4294967293,49
4294967293,48
4294967293,47
4294967293,46
